
Handles NPM(K)   PM(K)   WS(K)       CPU(s)    Id SI ProcessName                                 
------- ------   -----   -----       ------    -- -- -----------                                 
  37205   2335 4601976 2008184 1,316,041.20  8184  0 Microsoft.Exchange.RpcClientAccess.Service  
   6900    106  357628  275704   888,697.08  8240  0 ComplianceAuditService                      
  42059     49  313828  286204   325,481.03   832  0 lsass                                       
   1207     55   58524   47832   293,065.75 10812  0 rundll32                                    
   2050    330 1014480  947032   283,465.41 61232  0 Microsoft.Exchange.Store.Worker             
   9901      0     848  324248   257,345.16     4  0 System                                      
   2132    345  993868  912576   242,937.30 51948  0 Microsoft.Exchange.Store.Worker             
   1032     21   46624   55780   223,078.39  1028  0 svchost                                     
   5299    750  997600  730664   147,809.50 14792  0 EdgeTransport                               
   2267    683 1164000 1078484   133,243.50 40996  0 Microsoft.Exchange.Store.Worker             
   2175    348 1088784 1002384   123,200.44 57932  0 Microsoft.Exchange.Store.Worker             
   4698    333 3490488 2553304   111,801.23 56548  0 noderunner                                  
   2600    202  675388  276540    98,498.19 27200  0 msexchangerepl                              
   9994   1204 1887012 1207408    95,651.17 58228  0 w3wp                                        
   4807    176  546504  421180    93,975.03 42144  0 MSExchangeMailboxAssistants                 
   2053    481 1003864  942408    82,116.89 21296  0 Microsoft.Exchange.Store.Worker             
   5053    974 1790364 1258416    81,312.06 27288  0 noderunner                                  
   1205     55   56768   46376    74,562.41 12772  0 rundll32                                    
   1887    126  591324  443888    70,886.42  7416  0 MSExchangeDelivery                          
   2055    402   60092   77908    62,176.11  4656  0 WmiPrvSE                                    
   5772    426 1210272  849532    56,665.72 31952  0 w3wp                                        
  11841  10279 1126248 1000900    53,078.05 11816  0 w3wp                                        
    426     96  362540  190512    50,262.78 54412  0 scanningprocess                             
   4011    205  634248  517800    36,220.00 31336  0 MSExchangeHMWorker                          
    530     43  142952  135408    31,861.72 31128  6 ServerManager                               
   1930     86  212500  167732    31,266.09  1932  0 Microsoft.Exchange.Diagnostics.Service      
    925     24   35192   40964    30,478.13 59976  0 zabbix_agentd                               
   1518    672  755216  484588    27,532.72  8164  0 MSExchangeFrontendTransport                 
    428     26   25988   52112    26,694.98 38852  2 Taskmgr                                     
   1835    115  288428  218780    26,363.08  7412  0 MSExchangeSubmission                        
   3242     64  139784  132880    26,218.98   556  0 svchost                                     
   1713    109  307668  178892    26,127.33  2080  0 MSExchangeMailboxReplication                
  12758  37880 1059424  845708    20,709.78 33364  0 w3wp                                        
   2072    176  253400  193992    19,434.44 46192  0 noderunner                                  
    867     56   49156   56004    18,742.47  3100  0 clussvc                                     
    165     16    7100   11952    13,706.80  5304  0 bpinetd                                     
   7629   8067 1177520 1239508    11,908.13 60100  0 w3wp                                        
    346     16   11700   20400    10,128.25  2756  0 fms                                         
    436     64  154412  104220     9,856.64   584  0 MsMpEng                                     
   3047    134  288968  264172     9,210.94 55552  0 Microsoft.Exchange.Search.Service           
    142     14    3700   11808     8,531.75  3028  0 ManagementAgentHost                         
   2799    317  574776  414464     8,009.38 55636  0 w3wp                                        
   1511    152  309240  251356     7,951.72 14760  0 Microsoft.Exchange.Store.Worker             
   3018    183  325136  228440     7,929.02  5336  0 Microsoft.Exchange.ServiceHost              
    212     18    4144   14896     7,917.55  7960  2 vmtoolsd                                    
   1447    165  313008  270408     7,774.91 25264  0 Microsoft.Exchange.Store.Worker             
   1417    151  313804  261592     7,583.06 14620  0 Microsoft.Exchange.Store.Worker             
    554     67   96112   60540     7,470.58  8232  0 Microsoft.Exchange.EdgeSyncSvc              
   1449    159  314160  264092     7,351.00 21196  0 Microsoft.Exchange.Store.Worker             
   1358    152  312396  254228     7,234.53 27640  0 Microsoft.Exchange.Store.Worker             
    407     15    9268   19992     7,153.42  7364  0 updateservice                               
    566     12   12396   17536     7,056.53   824  0 services                                    
    910     25   40052   35664     6,998.77  2984  0 vmtoolsd                                    
   1481    152  313672  282984     6,940.36 53920  0 Microsoft.Exchange.Store.Worker             
    214     18    4192   14384     6,924.11 23776  3 vmtoolsd                                    
   2975    174  329580  226368     6,860.47 43312  0 w3wp                                        
    629     36   40692   79016     6,510.63 38260  2 FolderSizes                                 
    956     26   68100   74280     6,487.67  4684  0 WmiPrvSE                                    
   1230    122  143140   93188     6,091.52  5464  0 Microsoft.Exchange.Directory.TopologyService
    914     86  156776  100380     5,926.14  7436  0 MSExchangeDagMgmt                           
   1377    128  304472  248696     5,568.98 48480  0 Microsoft.Exchange.Store.Worker             
    358     36   21064   36156     5,287.61 54464  6 dwm                                         
    558     15    4024   16184     4,988.75  6568  2 rdpclip                                     
    157     10   19556   24344     4,743.95  2136  0 sftracing                                   
   3497    296  540080  412380     4,694.03 59280  0 w3wp                                        
   1437    108  298484  243640     4,666.34 26852  0 Microsoft.Exchange.Store.Worker             
   1451     70   40668   38144     4,481.23  5220  6 mmc                                         
   1010     96  292664  226024     4,004.69 40308  0 Microsoft.Exchange.Store.Worker             
   2169    152  296844  235288     3,966.31 40408  0 w3wp                                        
    843     52   46272   62608     3,648.08  1324  0 svchost                                     
   1989    168  295352  223220     3,192.23 58648  0 w3wp                                        
   4712    109 1112000  115072     3,154.55  9688  2 explorer                                    
   1240    106  743492  273884     3,140.59 11932  0 Microsoft.Exchange.Store.Worker             
   3186    126  369116  145464     3,099.78 60836  2 powershell                                  
    213     18    4104   14184     3,027.81 50820  6 vmtoolsd                                    
   1518     27   71072   69792     2,909.30   996  0 svchost                                     
   1365     60   21904   45344     2,162.02  1036  0 svchost                                     
    593     24   63884   38548     2,122.80  2964  0 MSExchangeHMHost                            
   2360    111  208640  152996     2,005.59 63168  0 w3wp                                        
    360     94  338568  111796     2,002.61 10776  0 scanningprocess                             
    212     18    4108   14124     1,999.03 15220  5 vmtoolsd                                    
    373     43  108160  124660     1,836.41 49092  0 ParserServer                                
    542     66   36720   77356     1,830.44 19040  2 dwm                                         
    993     30   78260  107384     1,752.39   496  0 svchost                                     
    215     18    4136    2776     1,714.38 55176  9 vmtoolsd                                    
    967     68  127160   60060     1,538.84  8260  0 MSExchangeCompliance                        
    380     20   10004   16900     1,457.73 57112  0 svchost                                     
    937     82  137108   86512     1,422.75  6984  0 Microsoft.Exchange.Store.Service            
   1178    147  186424  153756     1,402.63 27264  0 noderunner                                  
   2419     89  196592  127512     1,357.45 26184  0 w3wp                                        
    365     94  330636  100024     1,051.97 36616  0 scanningprocess                             
   3270    189  415428  273804     1,010.42  5316  0 w3wp                                        
    670     68  131596   87148       914.03  8288  0 MSExchangeTransportLogSearch                
    846     84  129316   69492       864.84  8248  0 umservice                                   
   1438     26   58616   49728       849.20  2460  0 SMSvcHost                                   
   3103    119  284096   97044       795.33 37236  2 powershell                                  
    526     44  105836   68380       726.05 22744  3 ServerManager                               
    181     18   24184   33764       694.63  4168  0 inetinfo                                    
    723     81  106740   58884       691.20  7424  0 Microsoft.Exchange.UM.CallRouter            
   1262     52   19568   44224       690.88 23508  3 explorer                                    
   1635    116  264028  166444       690.83 56240  0 w3wp                                        
    764     78   66828   93624       641.92 37468  0 hostcontrollerservice                       
    828     40   26780   43552       619.31  4900  0 nbdisco                                     
   1425    106  239160  131480       615.20 24996  0 w3wp                                        
   2744     88   39468   59380       493.64 62040  5 explorer                                    
    869     28    3068    5760       483.00   600  0 csrss                                       
    147     16    2916   10132       481.81  4912  0 vnetd                                       
    216     14    2928    6808       448.83  2736  0 svchost                                     
   1001     39   20192   35888       445.44   548  0 svchost                                     
    322     38   43884   57188       442.30  1272  0 ParserServer                                
    568     36   15024   17872       415.05  1464  0 svchost                                     
    917     68  167792   80436       390.42 40768  0 w3wp                                        
   1180     24   11832   27008       324.08   928  0 svchost                                     
   1306     57   21356   45628       314.28 44720  6 explorer                                    
    139     12   34276   26848       269.30 63608  2 conhost                                     
    449     23   11040   24936       220.36  2440  0 svchost                                     
    587     71  101980   56064       200.45  7504  0 ForefrontActiveDirectoryConnector           
    675     62  122164   59856       163.83 14428  0 MSExchangeTransport                         
    358     33   36372   34288       116.30  8216  0 Microsoft.Exchange.AntispamUpdateSvc        
    641     58  114224   53872       111.41  7464  0 MSExchangeThrottling                        
    491     29    2692    7300        80.80  9448  2 csrss                                       
    668     27   11296   26676        80.44  2168  0 spoolsv                                     
    370     22   16688   35720        77.02  4324  3 Taskmgr                                     
    356     20    7436   16164        75.42 38768  6 RuntimeBroker                               
    784     98  118224   28064        74.97  2260  6 powershell                                  
    138     12    6416   15600        66.97 39344  2 conhost                                     
    160     18    4468   13392        58.58  5544  0 bpcd                                        
   1286     89  157448  162268        54.41 38120  0 UMWorkerProcess                             
    343     19   14340   30120        47.34  2844  2 RuntimeBroker                               
    198     17    2252    7352        40.14  7676  0 svchost                                     
    308     25   10360   21628        39.66  2976  0 svchost                                     
    469     24   61804   39604        36.81  2956  0 MSExchangeHMRecovery                        
    273     13    2024    7732        36.42 22340  6 csrss                                       
    264     16   12376   21472        34.41 23220  3 RuntimeBroker                               
    342     24   12008   19952        30.52  4740  3 dwm                                         
    206     14    3544   12888        28.61  4836  0 dllhost                                     
    337     29    7120   18868        26.16 19032  2 taskhostw                                   
    355     21   14432   33024        25.39 29924  5 RuntimeBroker                               
    343     30   17576   26680        24.52 42760  5 dwm                                         
    422     32   15260   29100        18.61 34736  2 mmc                                         
    224     15    3752   12060        15.72  7952  0 rhs                                         
    346     33   22500   53200        14.94 40256  9 dwm                                         
    275     34   37936   44508        14.86 13536  0 ParserServer                                
    363     15    4656   20000        13.13 23036  3 sihost                                      
    378     16    5456   22992        10.94 18524  2 sihost                                      
    786     33   28492   32520        10.30  8344  2 ShellExperienceHost                         
    271     15    4844   13192         8.97  7944  0 rhs                                         
    270     48   21368   21340         8.39  3012  0 WMSvc                                       
    245     11    2364    9216         7.86 20588  3 csrss                                       
    163     11    3180   12836         7.36  4764  2 notepad                                     
    165     11    5752   14936         7.08 22632  2 conhost                                     
    304     14    2908   13908         6.22 53764  6 rdpclip                                     
     83      7    4832    8772         5.50 14808  0 conhost                                     
    313     29    6428   16596         5.16 27216  6 taskhostw                                   
    364     15    4400   20156         4.70 26128  5 sihost                                      
     91      8    1416    5572         4.59 17440  0 conhost                                     
    164     12    2540    7912         4.52  1372  0 svchost                                     
    314     18    4964   21884         4.50 23044  3 svchost                                     
    315     18    5144   22108         4.41  3132  2 svchost                                     
    204     20    2468    8748         4.28  2900  0 pbx_exchange                                
    115     12    1308    3732         3.97   684  1 csrss                                       
    371     47    8964   15964         3.94  2772  0 mqsvc                                       
    171     15    6420   14176         3.91  2384  0 svchost                                     
    163     11    2108   11756         3.86 19072  2 notepad                                     
    852     34   23284   13260         3.73 31728  6 ShellExperienceHost                         
    363     15    4224   19760         3.64 48612  6 sihost                                      
    310     12    1908    8604         3.41  8708  5 csrss                                       
    442     25   10316   40812         3.38   520  1 LogonUI                                     
    346     15    3744   15120         3.20 31692  5 rdpclip                                     
    155     12    5720   12872         3.19  3052  0 VGAuthService                               
    313     26    5252   16084         3.08 29436  5 taskhostw                                   
    509     27   13056   26764         3.06 20884  3 LogonUI                                     
   1122     60   55592   12600         2.81 17372  6 SearchUI                                    
     91      8    1416    5572         2.67 19084  0 conhost                                     
     83      7    1236    5132         2.41 23076  0 conhost                                     
    307     19   13620   28388         2.39  1076  1 dwm                                         
    248     11    2200   10208         2.31 22964  3 rdpclip                                     
    281     27    5632   15684         2.30 51040  9 taskhostw                                   
    205     16    3332    9952         2.30  5052  0 msdtc                                       
    336     19    5124   23352         2.14 38716  5 svchost                                     
    235     12    2240    8460         2.11 14376  9 csrss                                       
    203     14    4584   19680         2.00 45700  2 ApplicationFrameHost                        
    554     28   12176   25824         1.86 19468  2 SearchUI                                    
    429     32   15148    1244         1.84 50704  9 mmc                                         
    203      9    2344    8468         1.72 18948  2 winlogon                                    
    365     16    4904   21020         1.55 60164  9 sihost                                      
    310     18    4840   21956         1.45  8696  9 svchost                                     
    183     12   21304   14248         1.42  7872  0 SMSvcHost                                   
    184     12    2164   13504         1.42 26932  2 notepad                                     
    699     30   19160   36668         1.36 52820  9 ShellExperienceHost                         
    751     33   22520   16784         1.36 62756  5 ShellExperienceHost                         
    249     16    3648   14356         1.22 23096  3 taskhostw                                   
    184     12    2216   13536         1.20 39016  2 notepad                                     
    140     12    1728    6968         1.16  4088  0 svchost                                     
    491     11    2416    8624         1.06  1344  0 WUDFHost                                    
    493     26   62248   62412         1.45 12188  0 powershell                                  
    297     18    4668   21304         0.92 36764  6 svchost                                     
    277     17    5788   16348         0.92 62868  2 taskhostw                                   
    327     14    2748   14896         0.88 32532  9 rdpclip                                     
    555     29   12080   35588         0.83 60536  9 SearchUI                                    
    165     11    4048   12664         0.72 29144  5 conhost                                     
    693     29   15124   12360         0.72 23180  3 ShellExperienceHost                         
    557     28   12076   21316         0.64 25988  5 SearchUI                                    
     66      3     404    1224         0.56   456  0 smss                                        
    145      9    2132   10564         0.50 56848  5 dllhost                                     
    213     12    4412   14316         0.42  9044  9 RuntimeBroker                               
    566     29   12364   12124         0.39 22628  3 SearchUI                                    
    196      9    1968    7764         0.36 22320  3 winlogon                                    
    136     12    5636   15680         0.34 43552  6 conhost                                     
    184      9    1980    7716         0.33 51328  6 winlogon                                    
    183      8    1844    7428         0.30 59900  9 winlogon                                    
    105     10    5380     488         0.27 33724  9 conhost                                     
    199     14    3524   17708         0.23 32696  9 ApplicationFrameHost                        
    157      8    1912    8328         0.20   744  1 winlogon                                    
    105     10    5388   12984         0.19  8384  6 conhost                                     
     95      8    1300    5196         0.17   708  0 wininit                                     
    189      8    1876    7568         0.17 54676  5 winlogon                                    
     81      7    1056    5440         0.11 25372  9 rdpinput                                    
    235     13    2672   10292         0.11  5576  0 rhs                                         
     91      8    1400    5744         0.09 52672  0 conhost                                     
     37      5     928    3064         0.08 19136  2 fontdrvhost                                 
    138     11    2672    9152         0.06 56616  0 WmiPrvSE                                    
     38      4    1616    2624         0.06 44536  2 cmd                                         
     93      8    1560    5972         0.03 10820  0 conhost                                     
     38      4    1608    2568         0.03 16116  6 cmd                                         
     38      4    1604     224         0.03 58704  9 cmd                                         
     44      3    2624    2560         0.02 52988  0 cmd                                         
     38      4    1608    2540         0.02 54788  5 cmd                                         
      0      0       0       4                  0  0 Idle
